f1 = 0.9503100270631359
loss = 0.13730359730124472
precision = 0.9502611972253148
recall = 0.9503588619195259
