f1 = 0.8264002506352909
loss = 0.9562081602244331
precision = 0.8140731088402716
recall = 0.8391064611904425
