f1 = 0.8217959410619962
loss = 0.2375490578433005
precision = 0.8082023239917977
recall = 0.8358546585607238
