f1 = 0.8246488445854101
loss = 0.946101532576564
precision = 0.8133379168099003
recall = 0.8362788067298176
