f1 = 0.8275934188510876
loss = 0.9355917093567193
precision = 0.8163251272177142
recall = 0.8391771525519581
