f1 = 0.9504182470440166
loss = 0.13927066020667553
precision = 0.9501009962682735
recall = 0.9507357097586461
