f1 = 0.949729669519917
loss = 0.14034360048174857
precision = 0.95012857877593
recall = 0.9493310950855616
