f1 = 0.7773198708702522
loss = 0.27957424123923236
precision = 0.7558776382580817
recall = 0.8000141382723032
