f1 = 0.8245907349355625
loss = 0.9261252914373868
precision = 0.8127574842076353
recall = 0.8367736462604269
