f1 = 0.8265039232781167
loss = 0.9464019270845876
precision = 0.8156101589923601
recall = 0.83769263396013
