f1 = 0.8200717345126579
loss = 0.9988715974286723
precision = 0.8081120032942145
recall = 0.8323907818464583
