f1 = 0.9497730970117305
loss = 0.13825162196159363
precision = 0.9495129342075979
recall = 0.9500334024221039
