f1 = 0.822890559732665
loss = 0.9840698473560162
precision = 0.8105883966534083
recall = 0.8355718931146614
