f1 = 0.9500145655191322
loss = 0.14540548177063464
precision = 0.9503728464901002
recall = 0.9496565545829836
