f1 = 0.8253161029642273
loss = 0.9653000917297583
precision = 0.8134999656664149
recall = 0.8374805598755832
